[HEAVE]
ENABLE=0
AMPLITUDE=0.000000
FREQUENCY=0.000000
[ROLL]
ENABLE=0
AMPLITUDE=0.000000
FREQUENCY=0.000000
[PITCH]
ENABLE=0
AMPLITUDE=0.000000
FREQUENCY=0.000000
[AXIS_0]
ENABLE=0
AMPLITUDE=0.000000
FREQUENCY=0.000000
[AXIS_1]
ENABLE=0
AMPLITUDE=0.000000
FREQUENCY=0.000000
[AXIS_2]
ENABLE=0
AMPLITUDE=0.000000
FREQUENCY=0.000000
[GENERAL]
WAVE_TYPE=0
DURATION_TIME_MS=0
